100
1 2 18
1 3 16
1 4 16
1 5 17
1 6 12
1 7 17
1 8 18
1 9 14
1 10 16
1 11 12
1 12 12
1 13 10
1 14 19
1 15 13
1 16 13
1 17 12
1 18 17
1 19 14
1 20 13
1 21 14
1 22 10
1 23 10
1 24 10
1 25 19
1 26 15
1 27 19
1 28 14
1 29 12
1 30 12
1 31 14
1 32 19
1 33 11
1 34 10
1 35 15
1 36 19
1 37 13
1 38 12
1 39 17
1 40 17
1 41 18
2 3 19
2 4 10
2 5 19
2 6 18
2 7 14
2 8 13
2 9 11
2 10 11
2 11 17
2 12 14
2 13 16
2 14 17
2 15 14
2 16 16
2 17 17
2 18 10
2 19 15
2 20 12
2 21 13
2 22 18
2 23 16
2 24 12
2 25 19
2 26 17
2 27 17
2 28 19
2 29 10
2 30 10
2 31 16
2 32 18
2 33 19
2 34 15
2 35 18
2 36 19
2 37 14
2 38 12
2 39 12
2 40 15
2 41 14
2 42 19
3 4 19
3 5 11
3 6 17
3 7 14
3 8 17
3 9 14
3 10 14
3 11 13
3 12 16
3 13 17
3 14 12
3 15 13
3 16 10
3 17 12
3 18 10
3 19 18
3 20 11
3 21 10
3 22 18
3 23 17
3 24 18
3 25 18
3 26 13
3 27 17
3 28 17
3 29 17
3 30 10
3 31 19
3 32 12
3 33 14
3 34 19
3 35 12
3 36 16
3 37 16
3 38 17
3 39 13
3 40 11
3 41 11
3 42 17
3 43 17
4 5 19
4 6 19
4 7 10
4 8 19
4 9 11
4 10 11
4 11 17
4 12 12
4 13 12
4 14 16
4 15 10
4 16 11
4 17 14
4 18 13
4 19 18
4 20 11
4 21 10
4 22 18
4 23 11
4 24 13
4 25 13
4 26 10
4 27 16
4 28 19
4 29 17
4 30 13
4 31 13
4 32 18
4 33 15
4 34 10
4 35 15
4 36 15
4 37 10
4 38 16
4 39 15
4 40 11
4 41 18
4 42 13
4 43 14
4 44 10
5 6 19
5 7 14
5 8 11
5 9 14
5 10 17
5 11 10
5 12 15
5 13 18
5 14 19
5 15 17
5 16 12
5 17 13
5 18 17
5 19 19
5 20 13
5 21 14
5 22 13
5 23 16
5 24 13
5 25 19
5 26 17
5 27 19
5 28 14
5 29 17
5 30 15
5 31 19
5 32 18
5 33 14
5 34 12
5 35 12
5 36 14
5 37 12
5 38 17
5 39 16
5 40 16
5 41 15
5 42 16
5 43 11
5 44 13
5 45 16
6 7 19
6 8 16
6 9 19
6 10 16
6 11 15
6 12 12
6 13 11
6 14 19
6 15 19
6 16 14
6 17 18
6 18 16
6 19 13
6 20 12
6 21 13
6 22 19
6 23 12
6 24 12
6 25 13
6 26 14
6 27 15
6 28 18
6 29 16
6 30 12
6 31 14
6 32 12
6 33 17
6 34 11
6 35 14
6 36 11
6 37 17
6 38 13
6 39 18
6 40 17
6 41 10
6 42 14
6 43 19
6 44 11
6 45 13
6 46 18
7 8 16
7 9 11
7 10 14
7 11 10
7 12 14
7 13 18
7 14 19
7 15 16
7 16 10
7 17 13
7 18 11
7 19 16
7 20 11
7 21 18
7 22 19
7 23 16
7 24 11
7 25 16
7 26 18
7 27 15
7 28 18
7 29 16
7 30 19
7 31 16
7 32 13
7 33 19
7 34 11
7 35 12
7 36 11
7 37 14
7 38 11
7 39 18
7 40 16
7 41 16
7 42 18
7 43 11
7 44 14
7 45 18
7 46 18
7 47 15
8 9 11
8 10 19
8 11 11
8 12 13
8 13 17
8 14 10
8 15 19
8 16 19
8 17 17
8 18 18
8 19 14
8 20 16
8 21 14
8 22 14
8 23 13
8 24 17
8 25 14
8 26 14
8 27 10
8 28 16
8 29 19
8 30 11
8 31 14
8 32 16
8 33 17
8 34 13
8 35 17
8 36 12
8 37 11
8 38 15
8 39 18
8 40 12
8 41 15
8 42 19
8 43 16
8 44 13
8 45 10
8 46 15
8 47 12
8 48 18
9 10 14
9 11 17
9 12 15
9 13 18
9 14 11
9 15 18
9 16 15
9 17 15
9 18 13
9 19 16
9 20 12
9 21 13
9 22 17
9 23 16
9 24 19
9 25 15
9 26 10
9 27 16
9 28 18
9 29 11
9 30 12
9 31 16
9 32 14
9 33 17
9 34 16
9 35 10
9 36 11
9 37 17
9 38 16
9 39 13
9 40 16
9 41 10
9 42 10
9 43 11
9 44 18
9 45 12
9 46 10
9 47 14
9 48 18
9 49 14
10 11 10
10 12 10
10 13 17
10 14 18
10 15 17
10 16 16
10 17 14
10 18 17
10 19 13
10 20 12
10 21 18
10 22 15
10 23 19
10 24 13
10 25 13
10 26 15
10 27 13
10 28 14
10 29 13
10 30 10
10 31 17
10 32 19
10 33 10
10 34 18
10 35 10
10 36 19
10 37 10
10 38 11
10 39 14
10 40 19
10 41 15
10 42 15
10 43 19
10 44 12
10 45 14
10 46 16
10 47 18
10 48 18
10 49 14
10 50 12
11 12 11
11 13 13
11 14 17
11 15 11
11 16 16
11 17 11
11 18 16
11 19 10
11 20 15
11 21 10
11 22 10
11 23 13
11 24 19
11 25 11
11 26 11
11 27 10
11 28 10
11 29 12
11 30 11
11 31 14
11 32 11
11 33 16
11 34 10
11 35 11
11 36 18
11 37 14
11 38 18
11 39 17
11 40 12
11 41 12
11 42 10
11 43 14
11 44 15
11 45 17
11 46 15
11 47 12
11 48 18
11 49 12
11 50 12
11 51 14
12 13 12
12 14 13
12 15 17
12 16 11
12 17 14
12 18 19
12 19 11
12 20 14
12 21 11
12 22 13
12 23 19
12 24 13
12 25 19
12 26 19
12 27 14
12 28 18
12 29 13
12 30 12
12 31 16
12 32 16
12 33 15
12 34 16
12 35 10
12 36 11
12 37 14
12 38 16
12 39 13
12 40 13
12 41 18
12 42 16
12 43 17
12 44 11
12 45 19
12 46 15
12 47 12
12 48 13
12 49 14
12 50 14
12 51 18
12 52 16
13 14 17
13 15 17
13 16 10
13 17 17
13 18 17
13 19 15
13 20 15
13 21 10
13 22 17
13 23 12
13 24 17
13 25 13
13 26 18
13 27 18
13 28 14
13 29 12
13 30 14
13 31 17
13 32 16
13 33 13
13 34 13
13 35 13
13 36 14
13 37 13
13 38 19
13 39 17
13 40 16
13 41 14
13 42 12
13 43 14
13 44 10
13 45 10
13 46 12
13 47 11
13 48 17
13 49 19
13 50 16
13 51 13
13 52 10
13 53 14
14 15 15
14 16 18
14 17 17
14 18 14
14 19 16
14 20 11
14 21 17
14 22 10
14 23 19
14 24 13
14 25 13
14 26 13
14 27 17
14 28 18
14 29 16
14 30 16
14 31 15
14 32 13
14 33 10
14 34 17
14 35 17
14 36 11
14 37 17
14 38 10
14 39 12
14 40 15
14 41 10
14 42 19
14 43 18
14 44 10
14 45 13
14 46 14
14 47 18
14 48 10
14 49 19
14 50 15
14 51 12
14 52 16
14 53 15
14 54 11
15 16 10
15 17 19
15 18 15
15 19 18
15 20 17
15 21 11
15 22 15
15 23 12
15 24 14
15 25 16
15 26 10
15 27 12
15 28 17
15 29 18
15 30 13
15 31 10
15 32 13
15 33 13
15 34 19
15 35 12
15 36 14
15 37 12
15 38 17
15 39 13
15 40 13
15 41 16
15 42 18
15 43 15
15 44 13
15 45 14
15 46 17
15 47 14
15 48 13
15 49 12
15 50 12
15 51 11
15 52 14
15 53 17
15 54 14
15 55 19
16 17 13
16 18 15
16 19 12
16 20 11
16 21 13
16 22 15
16 23 11
16 24 16
16 25 19
16 26 11
16 27 19
16 28 13
16 29 14
16 30 16
16 31 17
16 32 18
16 33 12
16 34 15
16 35 13
16 36 16
16 37 10
16 38 11
16 39 10
16 40 14
16 41 13
16 42 12
16 43 15
16 44 18
16 45 10
16 46 10
16 47 17
16 48 13
16 49 15
16 50 10
16 51 14
16 52 18
16 53 15
16 54 16
16 55 15
16 56 15
17 18 18
17 19 14
17 20 18
17 21 13
17 22 10
17 23 15
17 24 11
17 25 13
17 26 11
17 27 14
17 28 19
17 29 11
17 30 16
17 31 10
17 32 15
17 33 10
17 34 12
17 35 11
17 36 18
17 37 13
17 38 11
17 39 16
17 40 16
17 41 16
17 42 16
17 43 11
17 44 15
17 45 12
17 46 18
17 47 10
17 48 17
17 49 16
17 50 14
17 51 15
17 52 10
17 53 15
17 54 11
17 55 11
17 56 18
17 57 13
18 19 16
18 20 18
18 21 14
18 22 12
18 23 18
18 24 10
18 25 12
18 26 11
18 27 11
18 28 10
18 29 14
18 30 12
18 31 16
18 32 11
18 33 19
18 34 13
18 35 12
18 36 14
18 37 15
18 38 11
18 39 14
18 40 13
18 41 18
18 42 18
18 43 18
18 44 18
18 45 13
18 46 10
18 47 19
18 48 12
18 49 13
18 50 15
18 51 10
18 52 18
18 53 18
18 54 18
18 55 18
18 56 10
18 57 19
18 58 19
19 20 11
19 21 14
19 22 11
19 23 18
19 24 15
19 25 11
19 26 11
19 27 18
19 28 15
19 29 17
19 30 19
19 31 19
19 32 10
19 33 17
19 34 18
19 35 19
19 36 15
19 37 12
19 38 19
19 39 15
19 40 14
19 41 13
19 42 11
19 43 15
19 44 11
19 45 19
19 46 13
19 47 19
19 48 19
19 49 13
19 50 18
19 51 10
19 52 18
19 53 10
19 54 18
19 55 13
19 56 11
19 57 10
19 58 12
19 59 17
20 21 17
20 22 11
20 23 16
20 24 17
20 25 19
20 26 15
20 27 17
20 28 15
20 29 17
20 30 16
20 31 10
20 32 12
20 33 10
20 34 12
20 35 17
20 36 11
20 37 11
20 38 11
20 39 10
20 40 11
20 41 15
20 42 19
20 43 11
20 44 13
20 45 10
20 46 10
20 47 17
20 48 12
20 49 11
20 50 19
20 51 19
20 52 19
20 53 11
20 54 16
20 55 17
20 56 10
20 57 11
20 58 14
20 59 16
20 60 19
21 22 11
21 23 16
21 24 12
21 25 11
21 26 18
21 27 19
21 28 12
21 29 10
21 30 11
21 31 13
21 32 11
21 33 16
21 34 12
21 35 13
21 36 10
21 37 12
21 38 14
21 39 17
21 40 14
21 41 15
21 42 17
21 43 14
21 44 14
21 45 18
21 46 10
21 47 12
21 48 19
21 49 11
21 50 16
21 51 15
21 52 11
21 53 17
21 54 12
21 55 13
21 56 18
21 57 10
21 58 13
21 59 10
21 60 11
21 61 14
22 23 13
22 24 12
22 25 10
22 26 16
22 27 16
22 28 10
22 29 18
22 30 10
22 31 18
22 32 13
22 33 16
22 34 15
22 35 17
22 36 11
22 37 13
22 38 18
22 39 13
22 40 12
22 41 10
22 42 19
22 43 18
22 44 11
22 45 16
22 46 10
22 47 14
22 48 15
22 49 11
22 50 17
22 51 16
22 52 12
22 53 12
22 54 19
22 55 15
22 56 12
22 57 16
22 58 11
22 59 13
22 60 15
22 61 11
22 62 12
23 24 19
23 25 17
23 26 17
23 27 16
23 28 18
23 29 11
23 30 15
23 31 11
23 32 14
23 33 15
23 34 11
23 35 13
23 36 16
23 37 18
23 38 13
23 39 11
23 40 13
23 41 14
23 42 19
23 43 19
23 44 16
23 45 11
23 46 19
23 47 11
23 48 14
23 49 15
23 50 12
23 51 18
23 52 10
23 53 14
23 54 10
23 55 19
23 56 12
23 57 18
23 58 16
23 59 11
23 60 10
23 61 12
23 62 12
23 63 15
24 25 17
24 26 14
24 27 18
24 28 13
24 29 12
24 30 11
24 31 15
24 32 15
24 33 15
24 34 14
24 35 15
24 36 12
24 37 15
24 38 14
24 39 13
24 40 19
24 41 10
24 42 16
24 43 17
24 44 11
24 45 11
24 46 18
24 47 11
24 48 13
24 49 16
24 50 18
24 51 14
24 52 16
24 53 10
24 54 17
24 55 12
24 56 17
24 57 11
24 58 10
24 59 11
24 60 14
24 61 11
24 62 16
24 63 10
24 64 17
25 26 11
25 27 15
25 28 19
25 29 17
25 30 10
25 31 13
25 32 16
25 33 10
25 34 10
25 35 14
25 36 12
25 37 11
25 38 12
25 39 13
25 40 15
25 41 19
25 42 11
25 43 10
25 44 16
25 45 12
25 46 18
25 47 18
25 48 19
25 49 19
25 50 19
25 51 11
25 52 14
25 53 10
25 54 18
25 55 14
25 56 18
25 57 10
25 58 10
25 59 17
25 60 17
25 61 10
25 62 11
25 63 13
25 64 11
25 65 12
26 27 18
26 28 13
26 29 13
26 30 11
26 31 17
26 32 19
26 33 10
26 34 19
26 35 19
26 36 17
26 37 11
26 38 17
26 39 15
26 40 11
26 41 17
26 42 14
26 43 13
26 44 12
26 45 15
26 46 12
26 47 16
26 48 14
26 49 12
26 50 17
26 51 12
26 52 19
26 53 17
26 54 13
26 55 12
26 56 19
26 57 15
26 58 11
26 59 13
26 60 19
26 61 12
26 62 10
26 63 19
26 64 13
26 65 10
26 66 19
27 28 10
27 29 12
27 30 17
27 31 16
27 32 13
27 33 15
27 34 11
27 35 17
27 36 17
27 37 16
27 38 19
27 39 14
27 40 11
27 41 11
27 42 11
27 43 13
27 44 10
27 45 19
27 46 16
27 47 13
27 48 18
27 49 12
27 50 14
27 51 11
27 52 12
27 53 17
27 54 11
27 55 12
27 56 10
27 57 12
27 58 11
27 59 10
27 60 14
27 61 18
27 62 16
27 63 18
27 64 13
27 65 17
27 66 15
27 67 11
28 29 14
28 30 14
28 31 15
28 32 15
28 33 16
28 34 17
28 35 19
28 36 16
28 37 16
28 38 15
28 39 10
28 40 14
28 41 18
28 42 15
28 43 15
28 44 11
28 45 12
28 46 17
28 47 13
28 48 13
28 49 10
28 50 14
28 51 13
28 52 14
28 53 13
28 54 10
28 55 12
28 56 17
28 57 18
28 58 17
28 59 18
28 60 13
28 61 12
28 62 14
28 63 19
28 64 18
28 65 11
28 66 18
28 67 15
28 68 18
29 30 14
29 31 16
29 32 12
29 33 12
29 34 11
29 35 18
29 36 14
29 37 14
29 38 16
29 39 17
29 40 17
29 41 16
29 42 12
29 43 10
29 44 11
29 45 15
29 46 11
29 47 13
29 48 13
29 49 10
29 50 11
29 51 11
29 52 13
29 53 13
29 54 16
29 55 12
29 56 12
29 57 18
29 58 11
29 59 18
29 60 16
29 61 15
29 62 14
29 63 18
29 64 18
29 65 15
29 66 17
29 67 12
29 68 10
29 69 14
30 31 10
30 32 17
30 33 10
30 34 12
30 35 18
30 36 11
30 37 18
30 38 19
30 39 15
30 40 11
30 41 10
30 42 16
30 43 13
30 44 13
30 45 10
30 46 19
30 47 16
30 48 13
30 49 17
30 50 17
30 51 11
30 52 13
30 53 12
30 54 16
30 55 12
30 56 10
30 57 12
30 58 10
30 59 13
30 60 12
30 61 14
30 62 13
30 63 19
30 64 15
30 65 16
30 66 17
30 67 17
30 68 14
30 69 17
30 70 12
31 32 16
31 33 17
31 34 19
31 35 19
31 36 10
31 37 19
31 38 19
31 39 17
31 40 13
31 41 16
31 42 14
31 43 14
31 44 10
31 45 17
31 46 11
31 47 13
31 48 18
31 49 13
31 50 13
31 51 12
31 52 15
31 53 18
31 54 15
31 55 14
31 56 13
31 57 11
31 58 12
31 59 10
31 60 16
31 61 19
31 62 13
31 63 12
31 64 16
31 65 13
31 66 11
31 67 17
31 68 13
31 69 11
31 70 14
31 71 16
32 33 17
32 34 19
32 35 11
32 36 18
32 37 17
32 38 12
32 39 11
32 40 15
32 41 15
32 42 15
32 43 17
32 44 10
32 45 13
32 46 13
32 47 15
32 48 16
32 49 15
32 50 18
32 51 17
32 52 11
32 53 17
32 54 11
32 55 13
32 56 14
32 57 14
32 58 15
32 59 11
32 60 17
32 61 16
32 62 16
32 63 13
32 64 14
32 65 15
32 66 14
32 67 13
32 68 12
32 69 16
32 70 14
32 71 18
32 72 11
33 34 19
33 35 16
33 36 12
33 37 12
33 38 19
33 39 18
33 40 19
33 41 15
33 42 16
33 43 16
33 44 16
33 45 14
33 46 17
33 47 10
33 48 18
33 49 11
33 50 16
33 51 19
33 52 19
33 53 13
33 54 16
33 55 12
33 56 18
33 57 11
33 58 17
33 59 11
33 60 14
33 61 13
33 62 15
33 63 13
33 64 15
33 65 15
33 66 10
33 67 18
33 68 17
33 69 19
33 70 17
33 71 16
33 72 14
33 73 13
34 35 13
34 36 11
34 37 18
34 38 11
34 39 11
34 40 16
34 41 13
34 42 18
34 43 16
34 44 12
34 45 11
34 46 12
34 47 15
34 48 10
34 49 14
34 50 12
34 51 11
34 52 19
34 53 16
34 54 16
34 55 13
34 56 11
34 57 12
34 58 13
34 59 10
34 60 19
34 61 13
34 62 17
34 63 16
34 64 18
34 65 11
34 66 10
34 67 19
34 68 19
34 69 11
34 70 11
34 71 15
34 72 14
34 73 10
34 74 12
35 36 17
35 37 11
35 38 15
35 39 12
35 40 12
35 41 19
35 42 14
35 43 13
35 44 19
35 45 10
35 46 10
35 47 12
35 48 12
35 49 12
35 50 16
35 51 12
35 52 12
35 53 19
35 54 10
35 55 19
35 56 17
35 57 11
35 58 19
35 59 17
35 60 10
35 61 11
35 62 18
35 63 16
35 64 16
35 65 18
35 66 18
35 67 13
35 68 10
35 69 13
35 70 16
35 71 13
35 72 13
35 73 10
35 74 16
35 75 13
36 37 11
36 38 16
36 39 16
36 40 14
36 41 19
36 42 12
36 43 17
36 44 11
36 45 11
36 46 17
36 47 11
36 48 19
36 49 18
36 50 11
36 51 16
36 52 19
36 53 12
36 54 15
36 55 15
36 56 19
36 57 14
36 58 14
36 59 12
36 60 15
36 61 18
36 62 19
36 63 18
36 64 11
36 65 10
36 66 14
36 67 15
36 68 11
36 69 11
36 70 11
36 71 16
36 72 11
36 73 13
36 74 13
36 75 12
36 76 15
37 38 10
37 39 14
37 40 14
37 41 19
37 42 15
37 43 11
37 44 18
37 45 17
37 46 16
37 47 14
37 48 16
37 49 11
37 50 18
37 51 19
37 52 16
37 53 16
37 54 18
37 55 15
37 56 18
37 57 19
37 58 10
37 59 13
37 60 11
37 61 12
37 62 14
37 63 17
37 64 13
37 65 18
37 66 11
37 67 15
37 68 13
37 69 12
37 70 19
37 71 18
37 72 11
37 73 14
37 74 19
37 75 10
37 76 12
37 77 16
38 39 14
38 40 19
38 41 18
38 42 13
38 43 19
38 44 14
38 45 19
38 46 18
38 47 10
38 48 18
38 49 17
38 50 10
38 51 11
38 52 18
38 53 12
38 54 16
38 55 15
38 56 15
38 57 14
38 58 17
38 59 11
38 60 18
38 61 19
38 62 11
38 63 17
38 64 10
38 65 16
38 66 17
38 67 11
38 68 19
38 69 14
38 70 16
38 71 18
38 72 12
38 73 19
38 74 17
38 75 17
38 76 18
38 77 16
38 78 17
39 40 16
39 41 13
39 42 17
39 43 18
39 44 12
39 45 10
39 46 14
39 47 17
39 48 16
39 49 19
39 50 14
39 51 17
39 52 18
39 53 14
39 54 19
39 55 15
39 56 14
39 57 15
39 58 12
39 59 16
39 60 14
39 61 16
39 62 12
39 63 13
39 64 19
39 65 11
39 66 11
39 67 16
39 68 10
39 69 17
39 70 13
39 71 17
39 72 11
39 73 11
39 74 16
39 75 13
39 76 11
39 77 10
39 78 11
39 79 18
40 41 10
40 42 16
40 43 16
40 44 18
40 45 10
40 46 15
40 47 14
40 48 15
40 49 11
40 50 17
40 51 11
40 52 16
40 53 14
40 54 13
40 55 19
40 56 13
40 57 15
40 58 11
40 59 19
40 60 16
40 61 19
40 62 12
40 63 13
40 64 10
40 65 14
40 66 19
40 67 13
40 68 16
40 69 10
40 70 14
40 71 14
40 72 11
40 73 11
40 74 10
40 75 10
40 76 11
40 77 16
40 78 14
40 79 16
40 80 17
41 42 12
41 43 17
41 44 13
41 45 16
41 46 11
41 47 13
41 48 19
41 49 17
41 50 15
41 51 19
41 52 13
41 53 14
41 54 11
41 55 17
41 56 14
41 57 16
41 58 16
41 59 18
41 60 12
41 61 17
41 62 13
41 63 16
41 64 19
41 65 14
41 66 17
41 67 19
41 68 15
41 69 13
41 70 14
41 71 11
41 72 10
41 73 16
41 74 19
41 75 14
41 76 13
41 77 11
41 78 18
41 79 13
41 80 18
41 81 13
42 43 12
42 44 11
42 45 17
42 46 14
42 47 18
42 48 12
42 49 10
42 50 15
42 51 10
42 52 12
42 53 13
42 54 13
42 55 19
42 56 12
42 57 17
42 58 16
42 59 12
42 60 12
42 61 19
42 62 16
42 63 14
42 64 10
42 65 13
42 66 14
42 67 15
42 68 16
42 69 15
42 70 14
42 71 10
42 72 14
42 73 18
42 74 12
42 75 16
42 76 15
42 77 17
42 78 15
42 79 18
42 80 17
42 81 10
42 82 18
43 44 10
43 45 14
43 46 11
43 47 19
43 48 17
43 49 19
43 50 16
43 51 19
43 52 12
43 53 16
43 54 16
43 55 16
43 56 17
43 57 19
43 58 11
43 59 13
43 60 16
43 61 16
43 62 17
43 63 16
43 64 11
43 65 15
43 66 19
43 67 17
43 68 11
43 69 16
43 70 12
43 71 19
43 72 14
43 73 13
43 74 17
43 75 14
43 76 17
43 77 19
43 78 14
43 79 14
43 80 18
43 81 10
43 82 13
43 83 10
44 45 17
44 46 19
44 47 17
44 48 14
44 49 19
44 50 18
44 51 17
44 52 15
44 53 15
44 54 15
44 55 12
44 56 16
44 57 11
44 58 11
44 59 14
44 60 12
44 61 18
44 62 16
44 63 12
44 64 12
44 65 19
44 66 19
44 67 16
44 68 17
44 69 19
44 70 11
44 71 11
44 72 18
44 73 11
44 74 15
44 75 19
44 76 19
44 77 15
44 78 16
44 79 13
44 80 15
44 81 15
44 82 11
44 83 11
44 84 10
45 46 16
45 47 13
45 48 17
45 49 17
45 50 15
45 51 12
45 52 10
45 53 13
45 54 18
45 55 12
45 56 15
45 57 18
45 58 12
45 59 12
45 60 15
45 61 11
45 62 13
45 63 17
45 64 19
45 65 15
45 66 13
45 67 18
45 68 14
45 69 19
45 70 15
45 71 17
45 72 14
45 73 11
45 74 19
45 75 15
45 76 12
45 77 15
45 78 19
45 79 19
45 80 13
45 81 14
45 82 11
45 83 13
45 84 18
45 85 10
46 47 16
46 48 13
46 49 18
46 50 18
46 51 16
46 52 14
46 53 19
46 54 19
46 55 12
46 56 19
46 57 14
46 58 16
46 59 18
46 60 19
46 61 15
46 62 13
46 63 17
46 64 19
46 65 14
46 66 16
46 67 15
46 68 16
46 69 12
46 70 14
46 71 16
46 72 16
46 73 19
46 74 18
46 75 19
46 76 17
46 77 19
46 78 15
46 79 11
46 80 17
46 81 13
46 82 17
46 83 12
46 84 13
46 85 16
46 86 15
47 48 12
47 49 11
47 50 11
47 51 11
47 52 10
47 53 16
47 54 14
47 55 17
47 56 16
47 57 19
47 58 14
47 59 11
47 60 16
47 61 16
47 62 15
47 63 13
47 64 12
47 65 15
47 66 11
47 67 12
47 68 12
47 69 10
47 70 18
47 71 13
47 72 18
47 73 12
47 74 10
47 75 11
47 76 16
47 77 17
47 78 16
47 79 19
47 80 18
47 81 17
47 82 10
47 83 19
47 84 14
47 85 15
47 86 17
47 87 10
48 49 15
48 50 11
48 51 11
48 52 11
48 53 18
48 54 17
48 55 15
48 56 11
48 57 12
48 58 17
48 59 14
48 60 15
48 61 18
48 62 13
48 63 18
48 64 17
48 65 16
48 66 19
48 67 18
48 68 12
48 69 16
48 70 15
48 71 11
48 72 15
48 73 13
48 74 12
48 75 15
48 76 17
48 77 17
48 78 12
48 79 18
48 80 12
48 81 14
48 82 10
48 83 14
48 84 13
48 85 17
48 86 19
48 87 15
48 88 10
49 50 17
49 51 10
49 52 15
49 53 15
49 54 13
49 55 14
49 56 12
49 57 10
49 58 13
49 59 11
49 60 12
49 61 19
49 62 16
49 63 14
49 64 15
49 65 10
49 66 16
49 67 10
49 68 18
49 69 14
49 70 13
49 71 16
49 72 17
49 73 18
49 74 16
49 75 11
49 76 12
49 77 14
49 78 11
49 79 17
49 80 14
49 81 18
49 82 17
49 83 10
49 84 13
49 85 11
49 86 14
49 87 16
49 88 11
49 89 17
50 51 17
50 52 14
50 53 17
50 54 14
50 55 18
50 56 13
50 57 14
50 58 15
50 59 14
50 60 12
50 61 10
50 62 17
50 63 18
50 64 17
50 65 15
50 66 15
50 67 19
50 68 17
50 69 19
50 70 11
50 71 15
50 72 14
50 73 19
50 74 13
50 75 14
50 76 13
50 77 14
50 78 19
50 79 19
50 80 15
50 81 17
50 82 17
50 83 10
50 84 15
50 85 11
50 86 18
50 87 18
50 88 16
50 89 14
50 90 12
51 52 18
51 53 14
51 54 10
51 55 17
51 56 12
51 57 16
51 58 12
51 59 11
51 60 14
51 61 11
51 62 12
51 63 19
51 64 16
51 65 12
51 66 12
51 67 11
51 68 16
51 69 17
51 70 10
51 71 16
51 72 13
51 73 18
51 74 13
51 75 13
51 76 13
51 77 15
51 78 11
51 79 11
51 80 11
51 81 16
51 82 14
51 83 10
51 84 11
51 85 14
51 86 17
51 87 13
51 88 11
51 89 10
51 90 15
51 91 15
52 53 11
52 54 18
52 55 14
52 56 18
52 57 11
52 58 17
52 59 19
52 60 17
52 61 14
52 62 19
52 63 13
52 64 17
52 65 17
52 66 17
52 67 10
52 68 11
52 69 12
52 70 12
52 71 13
52 72 14
52 73 19
52 74 17
52 75 14
52 76 10
52 77 12
52 78 12
52 79 14
52 80 13
52 81 12
52 82 10
52 83 19
52 84 14
52 85 19
52 86 13
52 87 12
52 88 10
52 89 11
52 90 11
52 91 18
52 92 15
53 54 11
53 55 11
53 56 13
53 57 19
53 58 19
53 59 14
53 60 10
53 61 11
53 62 16
53 63 14
53 64 16
53 65 16
53 66 12
53 67 10
53 68 16
53 69 15
53 70 12
53 71 11
53 72 19
53 73 14
53 74 11
53 75 18
53 76 18
53 77 11
53 78 12
53 79 11
53 80 11
53 81 13
53 82 12
53 83 19
53 84 19
53 85 14
53 86 11
53 87 12
53 88 14
53 89 10
53 90 16
53 91 15
53 92 12
53 93 13
54 55 19
54 56 18
54 57 19
54 58 11
54 59 19
54 60 16
54 61 16
54 62 12
54 63 18
54 64 15
54 65 17
54 66 10
54 67 13
54 68 16
54 69 11
54 70 16
54 71 17
54 72 13
54 73 19
54 74 10
54 75 13
54 76 18
54 77 14
54 78 14
54 79 11
54 80 18
54 81 15
54 82 17
54 83 14
54 84 18
54 85 11
54 86 13
54 87 17
54 88 11
54 89 15
54 90 16
54 91 18
54 92 12
54 93 19
54 94 16
55 56 17
55 57 16
55 58 16
55 59 11
55 60 12
55 61 18
55 62 17
55 63 19
55 64 11
55 65 17
55 66 10
55 67 14
55 68 15
55 69 14
55 70 18
55 71 16
55 72 13
55 73 14
55 74 14
55 75 17
55 76 12
55 77 16
55 78 11
55 79 10
55 80 17
55 81 16
55 82 17
55 83 16
55 84 18
55 85 16
55 86 12
55 87 16
55 88 12
55 89 19
55 90 18
55 91 15
55 92 17
55 93 16
55 94 15
55 95 18
56 57 13
56 58 15
56 59 12
56 60 18
56 61 10
56 62 11
56 63 15
56 64 13
56 65 16
56 66 10
56 67 11
56 68 18
56 69 16
56 70 13
56 71 19
56 72 14
56 73 10
56 74 16
56 75 10
56 76 19
56 77 12
56 78 13
56 79 15
56 80 15
56 81 13
56 82 14
56 83 11
56 84 10
56 85 10
56 86 16
56 87 19
56 88 13
56 89 11
56 90 11
56 91 12
56 92 12
56 93 13
56 94 18
56 95 16
56 96 19
57 58 18
57 59 17
57 60 18
57 61 15
57 62 11
57 63 17
57 64 19
57 65 11
57 66 13
57 67 10
57 68 11
57 69 16
57 70 14
57 71 17
57 72 11
57 73 17
57 74 11
57 75 12
57 76 17
57 77 12
57 78 19
57 79 16
57 80 16
57 81 11
57 82 18
57 83 18
57 84 13
57 85 12
57 86 16
57 87 19
57 88 11
57 89 15
57 90 17
57 91 10
57 92 10
57 93 18
57 94 18
57 95 10
57 96 10
57 97 11
58 59 10
58 60 11
58 61 18
58 62 15
58 63 19
58 64 19
58 65 12
58 66 10
58 67 12
58 68 10
58 69 12
58 70 11
58 71 16
58 72 18
58 73 12
58 74 15
58 75 17
58 76 16
58 77 17
58 78 14
58 79 15
58 80 19
58 81 10
58 82 12
58 83 19
58 84 10
58 85 10
58 86 18
58 87 11
58 88 11
58 89 19
58 90 12
58 91 13
58 92 18
58 93 17
58 94 12
58 95 17
58 96 19
58 97 13
58 98 10
59 60 19
59 61 16
59 62 12
59 63 16
59 64 15
59 65 15
59 66 12
59 67 12
59 68 11
59 69 10
59 70 17
59 71 16
59 72 19
59 73 17
59 74 18
59 75 19
59 76 18
59 77 19
59 78 17
59 79 19
59 80 11
59 81 17
59 82 11
59 83 14
59 84 15
59 85 18
59 86 17
59 87 13
59 88 18
59 89 10
59 90 14
59 91 18
59 92 16
59 93 16
59 94 15
59 95 11
59 96 12
59 97 17
59 98 14
59 99 13
60 61 17
60 62 11
60 63 10
60 64 17
60 65 19
60 66 19
60 67 17
60 68 17
60 69 19
60 70 14
60 71 16
60 72 10
60 73 12
60 74 18
60 75 15
60 76 18
60 77 17
60 78 13
60 79 11
60 80 15
60 81 13
60 82 16
60 83 13
60 84 10
60 85 12
60 86 18
60 87 11
60 88 15
60 89 16
60 90 16
60 91 19
60 92 13
60 93 18
60 94 19
60 95 11
60 96 17
60 97 18
60 98 18
60 99 14
60 100 18
61 62 13
61 63 11
61 64 18
61 65 15
61 66 19
61 67 14
61 68 13
61 69 16
61 70 17
61 71 15
61 72 12
61 73 11
61 74 11
61 75 16
61 76 11
61 77 14
61 78 14
61 79 13
61 80 19
61 81 10
61 82 10
61 83 18
61 84 14
61 85 18
61 86 18
61 87 15
61 88 15
61 89 17
61 90 14
61 91 10
61 92 15
61 93 17
61 94 11
61 95 14
61 96 13
61 97 11
61 98 18
61 99 17
61 100 18
62 63 12
62 64 10
62 65 17
62 66 14
62 67 16
62 68 19
62 69 19
62 70 11
62 71 13
62 72 19
62 73 12
62 74 13
62 75 17
62 76 17
62 77 11
62 78 16
62 79 12
62 80 17
62 81 13
62 82 17
62 83 17
62 84 18
62 85 14
62 86 18
62 87 12
62 88 18
62 89 10
62 90 11
62 91 15
62 92 18
62 93 18
62 94 17
62 95 19
62 96 16
62 97 12
62 98 16
62 99 15
62 100 11
63 64 10
63 65 10
63 66 13
63 67 18
63 68 17
63 69 15
63 70 14
63 71 10
63 72 12
63 73 17
63 74 17
63 75 19
63 76 16
63 77 12
63 78 18
63 79 19
63 80 10
63 81 18
63 82 10
63 83 16
63 84 17
63 85 18
63 86 13
63 87 17
63 88 14
63 89 15
63 90 14
63 91 10
63 92 17
63 93 12
63 94 10
63 95 17
63 96 12
63 97 13
63 98 15
63 99 10
63 100 18
64 65 17
64 66 19
64 67 10
64 68 14
64 69 12
64 70 19
64 71 13
64 72 13
64 73 18
64 74 14
64 75 19
64 76 15
64 77 13
64 78 12
64 79 13
64 80 18
64 81 18
64 82 17
64 83 19
64 84 15
64 85 19
64 86 19
64 87 12
64 88 12
64 89 13
64 90 18
64 91 13
64 92 11
64 93 17
64 94 14
64 95 12
64 96 15
64 97 13
64 98 13
64 99 19
64 100 16
65 66 17
65 67 18
65 68 16
65 69 11
65 70 11
65 71 19
65 72 10
65 73 10
65 74 16
65 75 19
65 76 15
65 77 16
65 78 18
65 79 18
65 80 19
65 81 12
65 82 17
65 83 12
65 84 13
65 85 15
65 86 17
65 87 16
65 88 10
65 89 11
65 90 10
65 91 10
65 92 17
65 93 12
65 94 13
65 95 16
65 96 13
65 97 11
65 98 15
65 99 10
65 100 13
66 67 12
66 68 12
66 69 13
66 70 11
66 71 11
66 72 12
66 73 13
66 74 18
66 75 15
66 76 17
66 77 13
66 78 12
66 79 14
66 80 14
66 81 14
66 82 14
66 83 15
66 84 11
66 85 17
66 86 19
66 87 18
66 88 10
66 89 10
66 90 13
66 91 11
66 92 14
66 93 19
66 94 10
66 95 17
66 96 16
66 97 17
66 98 10
66 99 18
66 100 10
67 68 13
67 69 12
67 70 11
67 71 17
67 72 17
67 73 15
67 74 12
67 75 12
67 76 17
67 77 19
67 78 11
67 79 15
67 80 10
67 81 12
67 82 18
67 83 11
67 84 16
67 85 18
67 86 12
67 87 14
67 88 14
67 89 19
67 90 15
67 91 13
67 92 10
67 93 17
67 94 13
67 95 13
67 96 13
67 97 12
67 98 12
67 99 16
67 100 14
68 69 15
68 70 15
68 71 13
68 72 16
68 73 17
68 74 12
68 75 17
68 76 14
68 77 10
68 78 19
68 79 18
68 80 15
68 81 19
68 82 13
68 83 19
68 84 10
68 85 10
68 86 12
68 87 14
68 88 14
68 89 14
68 90 16
68 91 10
68 92 19
68 93 11
68 94 15
68 95 11
68 96 12
68 97 11
68 98 15
68 99 19
68 100 17
69 70 11
69 71 11
69 72 12
69 73 10
69 74 15
69 75 11
69 76 10
69 77 16
69 78 13
69 79 14
69 80 10
69 81 18
69 82 11
69 83 11
69 84 18
69 85 13
69 86 16
69 87 19
69 88 15
69 89 17
69 90 15
69 91 15
69 92 15
69 93 16
69 94 18
69 95 18
69 96 15
69 97 14
69 98 10
69 99 18
69 100 11
70 71 18
70 72 11
70 73 17
70 74 10
70 75 12
70 76 15
70 77 13
70 78 18
70 79 15
70 80 19
70 81 16
70 82 10
70 83 14
70 84 11
70 85 17
70 86 13
70 87 10
70 88 12
70 89 18
70 90 11
70 91 11
70 92 19
70 93 12
70 94 10
70 95 13
70 96 14
70 97 15
70 98 18
70 99 18
70 100 16
71 72 19
71 73 14
71 74 17
71 75 14
71 76 16
71 77 14
71 78 18
71 79 17
71 80 17
71 81 16
71 82 18
71 83 18
71 84 15
71 85 10
71 86 19
71 87 19
71 88 15
71 89 15
71 90 17
71 91 13
71 92 11
71 93 14
71 94 10
71 95 19
71 96 19
71 97 16
71 98 18
71 99 10
71 100 16
72 73 15
72 74 13
72 75 14
72 76 11
72 77 14
72 78 13
72 79 10
72 80 10
72 81 19
72 82 18
72 83 14
72 84 10
72 85 12
72 86 14
72 87 10
72 88 12
72 89 11
72 90 18
72 91 12
72 92 18
72 93 15
72 94 18
72 95 14
72 96 17
72 97 11
72 98 15
72 99 15
72 100 19
73 74 11
73 75 13
73 76 12
73 77 14
73 78 17
73 79 12
73 80 16
73 81 18
73 82 11
73 83 19
73 84 16
73 85 17
73 86 17
73 87 11
73 88 14
73 89 19
73 90 16
73 91 10
73 92 18
73 93 11
73 94 11
73 95 12
73 96 12
73 97 15
73 98 11
73 99 14
73 100 13
74 75 18
74 76 18
74 77 18
74 78 16
74 79 19
74 80 13
74 81 15
74 82 16
74 83 14
74 84 13
74 85 17
74 86 15
74 87 16
74 88 10
74 89 10
74 90 18
74 91 14
74 92 14
74 93 12
74 94 12
74 95 17
74 96 17
74 97 11
74 98 13
74 99 15
74 100 14
75 76 19
75 77 19
75 78 19
75 79 16
75 80 19
75 81 10
75 82 14
75 83 14
75 84 14
75 85 17
75 86 17
75 87 11
75 88 15
75 89 18
75 90 15
75 91 10
75 92 13
75 93 11
75 94 16
75 95 17
75 96 10
75 97 13
75 98 11
75 99 16
75 100 10
76 77 15
76 78 14
76 79 10
76 80 10
76 81 12
76 82 15
76 83 10
76 84 16
76 85 17
76 86 17
76 87 13
76 88 17
76 89 11
76 90 15
76 91 14
76 92 11
76 93 16
76 94 16
76 95 11
76 96 13
76 97 19
76 98 16
76 99 10
76 100 13
77 78 16
77 79 10
77 80 16
77 81 17
77 82 15
77 83 10
77 84 18
77 85 11
77 86 16
77 87 10
77 88 15
77 89 16
77 90 17
77 91 16
77 92 19
77 93 18
77 94 19
77 95 15
77 96 13
77 97 11
77 98 18
77 99 18
77 100 19
78 79 18
78 80 16
78 81 14
78 82 15
78 83 12
78 84 14
78 85 13
78 86 11
78 87 10
78 88 16
78 89 13
78 90 18
78 91 14
78 92 12
78 93 15
78 94 18
78 95 19
78 96 11
78 97 12
78 98 15
78 99 14
78 100 15
79 80 16
79 81 11
79 82 12
79 83 11
79 84 13
79 85 17
79 86 19
79 87 13
79 88 19
79 89 12
79 90 19
79 91 14
79 92 17
79 93 16
79 94 12
79 95 13
79 96 12
79 97 18
79 98 10
79 99 16
79 100 15
80 81 14
80 82 19
80 83 15
80 84 12
80 85 15
80 86 17
80 87 16
80 88 18
80 89 16
80 90 17
80 91 14
80 92 12
80 93 12
80 94 12
80 95 11
80 96 16
80 97 16
80 98 15
80 99 14
80 100 11
81 82 19
81 83 15
81 84 15
81 85 12
81 86 17
81 87 16
81 88 19
81 89 14
81 90 11
81 91 14
81 92 15
81 93 18
81 94 10
81 95 19
81 96 18
81 97 10
81 98 15
81 99 15
81 100 13
82 83 12
82 84 18
82 85 17
82 86 13
82 87 18
82 88 16
82 89 14
82 90 13
82 91 12
82 92 17
82 93 17
82 94 15
82 95 14
82 96 15
82 97 16
82 98 10
82 99 19
82 100 10
83 84 18
83 85 17
83 86 19
83 87 13
83 88 12
83 89 15
83 90 14
83 91 12
83 92 16
83 93 17
83 94 18
83 95 13
83 96 17
83 97 12
83 98 10
83 99 18
83 100 15
84 85 13
84 86 19
84 87 15
84 88 10
84 89 11
84 90 15
84 91 18
84 92 16
84 93 12
84 94 14
84 95 13
84 96 17
84 97 17
84 98 13
84 99 11
84 100 13
85 86 12
85 87 15
85 88 17
85 89 19
85 90 19
85 91 18
85 92 12
85 93 10
85 94 19
85 95 13
85 96 11
85 97 18
85 98 14
85 99 19
85 100 13
86 87 15
86 88 19
86 89 19
86 90 10
86 91 18
86 92 13
86 93 14
86 94 17
86 95 10
86 96 13
86 97 10
86 98 11
86 99 19
86 100 12
87 88 16
87 89 16
87 90 12
87 91 15
87 92 18
87 93 17
87 94 12
87 95 11
87 96 12
87 97 13
87 98 11
87 99 10
87 100 19
88 89 12
88 90 10
88 91 14
88 92 11
88 93 12
88 94 10
88 95 18
88 96 14
88 97 18
88 98 12
88 99 18
88 100 17
89 90 14
89 91 12
89 92 16
89 93 10
89 94 12
89 95 13
89 96 15
89 97 13
89 98 17
89 99 11
89 100 18
90 91 16
90 92 13
90 93 14
90 94 15
90 95 16
90 96 18
90 97 16
90 98 11
90 99 19
90 100 19
91 92 18
91 93 16
91 94 16
91 95 16
91 96 19
91 97 16
91 98 15
91 99 14
91 100 10
92 93 14
92 94 19
92 95 10
92 96 19
92 97 19
92 98 13
92 99 12
92 100 16
93 94 10
93 95 13
93 96 16
93 97 13
93 98 13
93 99 10
93 100 17
94 95 15
94 96 16
94 97 18
94 98 10
94 99 12
94 100 10
95 96 17
95 97 17
95 98 14
95 99 18
95 100 12
96 97 17
96 98 13
96 99 15
96 100 18
97 98 17
97 99 10
97 100 16
98 99 12
98 100 10
99 100 13