50
 1 23 51
 1 47 53
 1  5 86
 1 39 88
 1  2  1
 1  4  1
 1 14 10
40  2 77
 2 10 80
30  2 60
29  3 71
 3 17 82
 3 27 87
 3  6  1
 3  8  1
46  4 64
32  4 75
 4 16 81
47  5 56
 5 45 59
 5 10  1
 5 12  1
 5 26 10
 6 12 82
 6 42 54
46  6 52
35  7 65
 7 13 68
 7 41 75
 7 14  1
 7 16  1
42  8 58
 8 40 63
 8 36 69
35  9 72
 9 29 89
47  9 81
 9 18  1
 9 20  1
22 10 65
10 50 66
23 11 54
11 43 63
11 41 57
11 22  1
11 24  1
40 12 71
12 26 83
13 45 76
13 23 83
13 26  1
13 28  1
28 14 57
14 22 59
14 48 61
31 15 60
15 49 62
15 33 69
15 30  1
15 32  1
30 16 70
16 44 72
43 17 66
37 17 80
17 34  1
17 36  1
17 44 10
38 18 50
18 44 51
18 20 73
19 31 58
19 27 77
35 19 55
19 38  1
19 40  1
48 20 78
20 26 74
45 21 61
21 39 64
21 29 70
21 42  1
21 44  1
22 34 62
23 33 52
23 46  1
23 48  1
23 12 10
38 24 53
24 30 56
24 26 68
43 25 73
25 33 78
25 35 84
25 50  1
25  2  1
49 27 67
27  4  1
27  6  1
42 28 55
28 32 84
29  8  1
29 10  1
31 37 79
31 12  1
31 14  1
48 32 67
33 16  1
33 18  1
50 34 79
34 38 85
35 20  1
35 22  1
36 44 76
36 46 86
49 37 74
37 24  1
37 26  1
37 50 10
39 41 85
39 28  1
39 30  1
41 32  1
41 34  1
43 36  1
43 38  1
45 40  1
45 42  1
47 44  1
47 46  1
49 48  1
49 50  1
